address,postal_code,price,dateSold,yearBuilt,lotSize,homeType,rentZestimate,taxAssessedValue,bedrooms,bathrooms,area,latitude,longitude,url,title
"6526 Crystal Springs Dr, San Jose, CA 95120",95120,1685000.0,Sold 07/11/2019,1969,14004.0,SINGLE_FAMILY,4700,148986.0,4,3.0,2531,37.217424,-121.873282,https://www.zillow.com/homedetails/6526-Crystal-Springs-Dr-San-Jose-CA-95120/19765898_zpid/,Sold
"1137 Trevino Ter, San Jose, CA 95120",95120,1085000.0,Sold 07/09/2019,1988,2709.0,CONDO,3900,547289.0,3,3.0,2424,37.21934,-121.863992,https://www.zillow.com/homedetails/1137-Trevino-Ter-San-Jose-CA-95120/19766398_zpid/,Sold
"6011 Crossbrook Ct, San Jose, CA 95120",95120,1647000.0,Sold 07/09/2019,1979,8550.0,SINGLE_FAMILY,4800,1178643.0,4,3.0,2655,37.233209,-121.864771,https://www.zillow.com/homedetails/6011-Crossbrook-Ct-San-Jose-CA-95120/19835075_zpid/,Sold
"6832 Tunbridge Way, San Jose, CA 95120",95120,1560000.0,Sold 07/08/2019,1972,8050.0,SINGLE_FAMILY,4475,115486.0,5,3.0,2585,37.213009,-121.839742,https://www.zillow.com/homedetails/6832-Tunbridge-Way-San-Jose-CA-95120/19836569_zpid/,Sold
"6017 Blackbird Ct, San Jose, CA 95120",95120,1575000.0,Sold 07/03/2019,1973,10400.0,SINGLE_FAMILY,5000,1267517.0,4,3.0,2008,37.230679,-121.887567,https://www.zillow.com/homedetails/6017-Blackbird-Ct-San-Jose-CA-95120/19763921_zpid/,Sold
"1111 Amur Creek Ct, San Jose, CA 95120",95120,1625000.0,Sold 07/02/2019,1974,7474.0,SINGLE_FAMILY,5100,1408371.0,5,3.0,2713,37.203502,-121.842698,https://www.zillow.com/homedetails/1111-Amur-Creek-Ct-San-Jose-CA-95120/19767200_zpid/,Sold
"6548 Whispering Pines Dr, San Jose, CA 95120",95120,1425000.0,Sold 06/28/2019,1985,8712.0,SINGLE_FAMILY,4600,1038027.0,5,3.0,2177,37.214474,-121.879899,https://www.zillow.com/homedetails/6548-Whispering-Pines-Dr-San-Jose-CA-95120/19761868_zpid/,Sold
"5996 Crossview Ct, San Jose, CA 95120",95120,1475000.0,Sold 06/28/2019,1979,8316.0,SINGLE_FAMILY,4250,968342.0,4,2.0,2044,37.234161,-121.869329,https://www.zillow.com/homedetails/5996-Crossview-Ct-San-Jose-CA-95120/19835106_zpid/,Sold
"7192 Anjou Creek Cir, San Jose, CA 95120",95120,1800000.0,Sold 06/28/2019,1974,7680.0,SINGLE_FAMILY,4995,1266240.0,4,3.0,2713,37.202248,-121.841991,https://www.zillow.com/homedetails/7192-Anjou-Creek-Cir-San-Jose-CA-95120/19767140_zpid/,Sold
"6361 Menlo Dr, San Jose, CA 95120",95120,1230000.0,Video Walkthrough,1966,5998.0,SINGLE_FAMILY,3900,531850.0,4,2.0,1862,37.225236,-121.86123,https://www.zillow.com/homedetails/6361-Menlo-Dr-San-Jose-CA-95120/19834552_zpid/,Sold
"6130 Oak Forest Way, San Jose, CA 95120",95120,1150000.0,Sold 06/27/2019,1975,7988.0,SINGLE_FAMILY,4000,263240.0,4,3.0,2014,37.230883,-121.873674,https://www.zillow.com/homedetails/6130-Oak-Forest-Way-San-Jose-CA-95120/19762515_zpid/,Sold
"6998 Castlerock Dr, San Jose, CA 95120",95120,2100000.0,Sold 06/27/2019,1968,36157.0,SINGLE_FAMILY,5500,1588303.0,4,3.0,2850,37.205726,-121.86028,https://www.zillow.com/homedetails/6998-Castlerock-Dr-San-Jose-CA-95120/19765615_zpid/,Sold
"5880 Dry Oak Dr, San Jose, CA 95120",95120,1145000.0,Sold 06/26/2019,1989,3977.0,TOWNHOUSE,3900,103501.0,3,3.0,2334,37.237087,-121.885499,https://www.zillow.com/homedetails/5880-Dry-Oak-Dr-San-Jose-CA-95120/19764453_zpid/,Sold
"6318 Desert Flame Dr, San Jose, CA 95120",95120,1350000.0,Sold 06/26/2019,1972,8030.0,SINGLE_FAMILY,4400,515289.0,4,2.0,1840,37.225844,-121.880288,https://www.zillow.com/homedetails/6318-Desert-Flame-Dr-San-Jose-CA-95120/19763406_zpid/,Sold
"6621 Mount Holly Dr, San Jose, CA 95120",95120,1540000.0,Sold 06/25/2019,1967,8019.0,SINGLE_FAMILY,4500,1015905.0,4,2.0,1879,37.219634,-121.853603,https://www.zillow.com/homedetails/6621-Mount-Holly-Dr-San-Jose-CA-95120/19835558_zpid/,Sold
"7050 Calcaterra Dr, San Jose, CA 95120",95120,1400000.0,Sold 06/24/2019,1974,7700.0,SINGLE_FAMILY,4300,1024247.0,3,2.0,1844,37.204775,-121.845856,https://www.zillow.com/homedetails/7050-Calcaterra-Dr-San-Jose-CA-95120/19767104_zpid/,Sold
"954 Meadowood Dr, San Jose, CA 95120",95120,1385000.0,Sold 06/24/2019,1965,5976.0,SINGLE_FAMILY,4100,641703.0,4,3.0,2050,37.224006,-121.859243,https://www.zillow.com/homedetails/954-Meadowood-Dr-San-Jose-CA-95120/19834359_zpid/,Sold
"1293 Mokelumne Pl, San Jose, CA 95120",95120,1040000.0,Sold 06/24/2019,1989,4438.0,TOWNHOUSE,3500,322704.0,3,2.0,1869,37.236445,-121.883763,https://www.zillow.com/homedetails/1293-Mokelumne-Pl-San-Jose-CA-95120/19764416_zpid/,Sold
"716 Seawood Way, San Jose, CA 95120",95120,1779000.0,Sold 06/21/2019,1979,8306.0,SINGLE_FAMILY,4800,1162819.0,5,3.0,2465,37.208282,-121.825918,https://www.zillow.com/homedetails/716-Seawood-Way-San-Jose-CA-95120/19837486_zpid/,Sold
"1291 Pampas Dr, San Jose, CA 95120",95120,1330000.0,Sold 06/21/2019,1966,7992.0,SINGLE_FAMILY,4500,1006498.0,4,2.0,2173,37.226113,-121.875823,https://www.zillow.com/homedetails/1291-Pampas-Dr-San-Jose-CA-95120/19762830_zpid/,Sold
"1002 Mazzone Dr, San Jose, CA 95120",95120,1799950.0,Sold 06/21/2019,1979,8250.0,SINGLE_FAMILY,4950,1200968.0,4,3.0,2655,37.233666,-121.863857,https://www.zillow.com/homedetails/1002-Mazzone-Dr-San-Jose-CA-95120/19835116_zpid/,Sold
"6008 Majorca Ct, San Jose, CA 95120",95120,300000.0,Sold 06/21/2019,1973,8120.0,SINGLE_FAMILY,4500,1013299.0,5,3.0,1958,37.228411,-121.893334,https://www.zillow.com/homedetails/6008-Majorca-Ct-San-Jose-CA-95120/19761098_zpid/,Sold
"20695 View Oaks Way, San Jose, CA 95120",95120,1220000.0,Sold 06/21/2019,1900,91502.0,SINGLE_FAMILY,3200,71641.0,,,,37.217176,-121.830473,https://www.zillow.com/homedetails/20695-View-Oaks-Way-San-Jose-CA-95120/19836258_zpid/,Sold
"5984 Via Madero Dr, San Jose, CA 95120",95120,1605000.0,Sold 06/21/2019,1965,8315.0,SINGLE_FAMILY,4500,265000.0,5,3.0,2512,37.227603,-121.899331,https://www.zillow.com/homedetails/5984-Via-Madero-Dr-San-Jose-CA-95120/19760951_zpid/,Sold
"6667 Crystal Springs Dr, San Jose, CA 95120",95120,1950000.0,Sold 06/12/2019,1967,11491.0,SINGLE_FAMILY,5750,1924740.0,4,2.0,2273,37.212731,-121.873909,https://www.zillow.com/homedetails/6667-Crystal-Springs-Dr-San-Jose-CA-95120/19765932_zpid/,Sold
"20820 Scenic Vista Dr, San Jose, CA 95120",95120,1799000.0,Sold 06/11/2019,1965,101930.0,SINGLE_FAMILY,5800,1659100.0,4,4.0,4445,37.217412,-121.823377,https://www.zillow.com/homedetails/20820-Scenic-Vista-Dr-San-Jose-CA-95120/19836302_zpid/,Sold
"1486 Almaden Valley Dr, San Jose, CA 95120",95120,1420000.0,Video Walkthrough,1973,8860.0,SINGLE_FAMILY,4500,941536.0,4,3.0,2110,37.230817,-121.894789,https://www.zillow.com/homedetails/1486-Almaden-Valley-Dr-San-Jose-CA-95120/19763686_zpid/,Sold
"6696 Landerwood Ln, San Jose, CA 95120",95120,1365000.0,Sold 06/10/2019,1960,9509.0,SINGLE_FAMILY,4250,110608.0,4,3.0,2111,37.214453,-121.860626,https://www.zillow.com/homedetails/6696-Landerwood-Ln-San-Jose-CA-95120/19765285_zpid/,Sold
"1104 Allston Way, San Jose, CA 95120",95120,1540000.0,Sold 06/07/2019,-1,4017.0,LOT,3000,1144.0,0,,,37.211929,-121.850189,https://www.zillow.com/homedetails/1104-Allston-Way-San-Jose-CA-95120/153455296_zpid/,Sold
"1160 Via Mateo, San Jose, CA 95120",95120,1500000.0,Sold 06/07/2019,1963,9491.0,SINGLE_FAMILY,4500,999643.0,4,3.0,2280,37.222817,-121.869869,https://www.zillow.com/homedetails/1160-Via-Mateo-San-Jose-CA-95120/19762979_zpid/,Sold
"1104 Allston Way, San Jose, CA 95120",95120,1540000.0,Sold 06/07/2019,1967,10400.0,SINGLE_FAMILY,4300,98018.0,4,2.5,2193,37.211929,-121.850189,https://www.zillow.com/homedetails/1104-Allston-Way-San-Jose-CA-95120/19766519_zpid/,Sold
"1227 Chateau Dr, San Jose, CA 95120",95120,2545000.0,Sold 06/07/2019,1965,13499.0,SINGLE_FAMILY,6250,876150.0,4,3.0,3536,37.211351,-121.864567,https://www.zillow.com/homedetails/1227-Chateau-Dr-San-Jose-CA-95120/19765441_zpid/,Sold
"6577 Gillis Dr, San Jose, CA 95120",95120,1765000.0,Sold 06/06/2019,1971,9148.0,SINGLE_FAMILY,4995,1457644.0,4,3.0,2415,37.216548,-121.876093,https://www.zillow.com/homedetails/6577-Gillis-Dr-San-Jose-CA-95120/19764733_zpid/,Sold
"1198 Pheasant Hill Ct, San Jose, CA 95120",95120,1538000.0,Sold 06/05/2019,1997,8868.0,CONDO,4695,995393.0,4,3.0,2532,37.198616,-121.847025,https://www.zillow.com/homedetails/1198-Pheasant-Hill-Ct-San-Jose-CA-95120/19768553_zpid/,Sold
"1061 Mazzone Dr, San Jose, CA 95120",95120,1841500.0,Sold 06/05/2019,1979,8058.0,SINGLE_FAMILY,4795,741663.0,4,3.0,3273,37.233927,-121.867429,https://www.zillow.com/homedetails/1061-Mazzone-Dr-San-Jose-CA-95120/19835097_zpid/,Sold
"20421 Hunters Hill Rd, San Jose, CA 95120",95120,1925000.0,Video Walkthrough,1976,44431.0,SINGLE_FAMILY,5800,1385286.0,4,3.0,2469,37.195866,-121.820493,https://www.zillow.com/homedetails/20421-Hunters-Hill-Rd-San-Jose-CA-95120/19846625_zpid/,Sold
"6323 Paso Los Cerritos, San Jose, CA 95120",95120,1365000.0,Sold 05/31/2019,1971,7950.0,SINGLE_FAMILY,4495,329497.0,4,3.0,2584,37.222901,-121.892738,https://www.zillow.com/homedetails/6323-Paso-Los-Cerritos-San-Jose-CA-95120/19760578_zpid/,Sold
"6855 Queenswood Way, San Jose, CA 95120",95120,1000000.0,Sold 05/31/2019,1980,7000.0,SINGLE_FAMILY,3650,281350.0,3,2.0,1780,37.211884,-121.834114,https://www.zillow.com/homedetails/6855-Queenswood-Way-San-Jose-CA-95120/19836834_zpid/,Sold
"6618 Crystal Springs Dr, San Jose, CA 95120",95120,1950000.0,Sold 05/31/2019,1969,15250.0,SINGLE_FAMILY,4950,589101.0,4,3.0,2699,37.214482,-121.873264,https://www.zillow.com/homedetails/6618-Crystal-Springs-Dr-San-Jose-CA-95120/19765887_zpid/,Sold
"1320 Rimrock Dr, San Jose, CA 95120",95120,2350000.0,Sold 05/30/2019,1975,18922.0,SINGLE_FAMILY,6500,1622931.0,4,3.0,3156,37.204137,-121.865602,https://www.zillow.com/homedetails/1320-Rimrock-Dr-San-Jose-CA-95120/19765751_zpid/,Sold
"6543 Little Falls Dr, San Jose, CA 95120",95120,1675000.0,Sold 05/28/2019,1964,10136.0,SINGLE_FAMILY,4556,1017032.0,3,3.0,2334,37.216801,-121.87061,https://www.zillow.com/homedetails/6543-Little-Falls-Dr-San-Jose-CA-95120/19764884_zpid/,Sold
"1246 Charise Ct, San Jose, CA 95120",95120,995000.0,Sold 05/24/2019,1986,3023.0,TOWNHOUSE,3450,284375.0,3,3.0,1502,37.19538,-121.843699,https://www.zillow.com/homedetails/1246-Charise-Ct-San-Jose-CA-95120/19768104_zpid/,Sold
"1118 Corvallis Dr, San Jose, CA 95120",95120,1540000.0,Sold 05/22/2019,1966,10223.0,SINGLE_FAMILY,4250,679131.0,3,2.0,2077,37.212824,-121.853048,https://www.zillow.com/homedetails/1118-Corvallis-Dr-San-Jose-CA-95120/19766536_zpid/,Sold
"6529 Camden Ave, San Jose, CA 95120",95120,1960000.0,Sold 05/21/2019,1974,14636.0,SINGLE_FAMILY,5000,475577.0,5,4.0,3231,37.222552,-121.860618,https://www.zillow.com/homedetails/6529-Camden-Ave-San-Jose-CA-95120/82384462_zpid/,Sold
"6034 Monteverde Dr, San Jose, CA 95120",95120,1400000.0,Sold 05/20/2019,1966,7993.0,SINGLE_FAMILY,4395,119955.0,4,2.0,1949,37.228134,-121.894922,https://www.zillow.com/homedetails/6034-Monteverde-Dr-San-Jose-CA-95120/19761025_zpid/,Sold
"20061 Mann Oak Ct, San Jose, CA 95120",95120,2150000.0,Sold 05/20/2019,1979,43272.0,SINGLE_FAMILY,4735,725374.0,4,3.0,4637,37.191575,-121.825946,https://www.zillow.com/homedetails/20061-Mann-Oak-Ct-San-Jose-CA-95120/19766888_zpid/,Sold
"7209 Emami Dr, San Jose, CA 95120",95120,2010000.0,Sold 05/17/2019,1994,7840.0,SINGLE_FAMILY,5400,1483286.0,4,4.0,2850,37.198672,-121.831794,https://www.zillow.com/homedetails/7209-Emami-Dr-San-Jose-CA-95120/19846790_zpid/,Sold
"19500 Graystone Ln, San Jose, CA 95120",95120,1800000.0,Sold 05/16/2019,1971,41470.0,SINGLE_FAMILY,4600,1291115.0,3,4.0,2200,37.220033,-121.834211,https://www.zillow.com/homedetails/19500-Graystone-Ln-San-Jose-CA-95120/19834246_zpid/,Sold
"6552 Northridge Dr, San Jose, CA 95120",95120,1410000.0,Sold 05/16/2019,1967,9880.0,SINGLE_FAMILY,4500,1183263.0,3,2.0,1975,37.217822,-121.863834,https://www.zillow.com/homedetails/6552-Northridge-Dr-San-Jose-CA-95120/19765172_zpid/,Sold
"1142 El Prado Ct, San Jose, CA 95120",95120,1315000.0,Sold 05/14/2019,1966,8873.0,SINGLE_FAMILY,3850,793255.0,4,2.0,1768,37.226938,-121.870958,https://www.zillow.com/homedetails/1142-El-Prado-Ct-San-Jose-CA-95120/19762753_zpid/,Sold
"1111 Casual Way, San Jose, CA 95120",95120,1570000.0,Sold 05/10/2019,1968,10132.0,SINGLE_FAMILY,4300,159548.0,4,2.0,2276,37.211459,-121.850845,https://www.zillow.com/homedetails/1111-Casual-Way-San-Jose-CA-95120/19766501_zpid/,Sold
"6540 Jeremie Dr, San Jose, CA 95120",95120,1625000.0,Sold 05/10/2019,1968,8668.0,SINGLE_FAMILY,4395,411790.0,4,3.0,2220,37.218394,-121.864561,https://www.zillow.com/homedetails/6540-Jeremie-Dr-San-Jose-CA-95120/19765147_zpid/,Sold
"6467 Ramblewood Dr, San Jose, CA 95120",95120,1380000.0,Sold 05/09/2019,1965,6817.0,SINGLE_FAMILY,4300,878287.0,4,2.5,2050,37.221028,-121.860044,https://www.zillow.com/homedetails/6467-Ramblewood-Dr-San-Jose-CA-95120/19835389_zpid/,Sold
"1556 Capitancillos Dr, San Jose, CA 95120",95120,1831000.0,Sold 05/08/2019,1979,8106.0,SINGLE_FAMILY,5500,1298710.0,4,2.5,2745,37.232061,-121.898836,https://www.zillow.com/homedetails/1556-Capitancillos-Dr-San-Jose-CA-95120/19756299_zpid/,Sold
"1456 Menorca Ct, San Jose, CA 95120",95120,1525000.0,Sold 05/07/2019,1973,8050.0,SINGLE_FAMILY,4545,1055550.0,4,2.0,1963,37.227249,-121.893559,https://www.zillow.com/homedetails/1456-Menorca-Ct-San-Jose-CA-95120/19761115_zpid/,Sold
"1105 Calcaterra Ct, San Jose, CA 95120",95120,1520000.0,Sold 05/07/2019,1974,8995.0,SINGLE_FAMILY,4395,850991.0,4,2.5,2574,37.206546,-121.845628,https://www.zillow.com/homedetails/1105-Calcaterra-Ct-San-Jose-CA-95120/19767129_zpid/,Sold
"0 Via Vespero, San Jose, CA 95120",95120,749000.0,Sold 05/07/2019,-1,1045440.0,LOT,2950,,0,,,37.2155,-121.859,https://www.zillow.com/homedetails/0-Via-Vespero-San-Jose-CA-95120/2104473249_zpid/,Sold
"1364 Shelby Creek Ln, San Jose, CA 95120",95120,1110000.0,Sold 05/06/2019,1986,3038.0,CONDO,3800,832899.0,3,3.0,1585,37.196208,-121.847841,https://www.zillow.com/homedetails/1364-Shelby-Creek-Ln-San-Jose-CA-95120/19767990_zpid/,Sold
"1128 Culligan Blvd, San Jose, CA 95120",95120,1657500.0,Sold 05/06/2019,1962,11399.0,SINGLE_FAMILY,4200,112445.0,4,2.5,2433,37.223625,-121.868576,https://www.zillow.com/homedetails/1128-Culligan-Blvd-San-Jose-CA-95120/19763023_zpid/,Sold
"7188 Lindsay Creek Ln, San Jose, CA 95120",95120,1000000.0,Sold 05/06/2019,1986,2813.0,SINGLE_FAMILY,3395,792196.0,2,2.5,1298,37.198938,-121.844934,https://www.zillow.com/homedetails/7188-Lindsay-Creek-Ln-San-Jose-CA-95120/19768011_zpid/,Sold
"6535 Leyland Park Dr, San Jose, CA 95120",95120,1560000.0,Sold 05/03/2019,1978,7013.0,SINGLE_FAMILY,4800,980404.0,4,2.0,2310,37.219582,-121.880987,https://www.zillow.com/homedetails/6535-Leyland-Park-Dr-San-Jose-CA-95120/19761603_zpid/,Sold
"1427 Calle De La Paz, San Jose, CA 95120",95120,1565750.0,Sold 05/03/2019,1972,8319.0,SINGLE_FAMILY,4400,683380.0,4,3.0,2210,37.228239,-121.891599,https://www.zillow.com/homedetails/1427-Calle-De-La-Paz-San-Jose-CA-95120/19761063_zpid/,Sold
"956 Meadowood Dr, San Jose, CA 95120",95120,1505000.0,Sold 05/02/2019,1965,5985.0,SINGLE_FAMILY,4250,869885.0,4,3.0,2050,37.224,-121.859449,https://www.zillow.com/homedetails/956-Meadowood-Dr-San-Jose-CA-95120/19834358_zpid/,Sold
"6960 Bret Harte Dr, San Jose, CA 95120",95120,1600000.0,Sold 05/02/2019,1969,10005.0,SINGLE_FAMILY,4300,668228.0,4,2.0,2157,37.210246,-121.841612,https://www.zillow.com/homedetails/6960-Bret-Harte-Dr-San-Jose-CA-95120/19835957_zpid/,Sold
"6577 Gillis Dr, San Jose, CA 95120",95120,1765000.0,Sold 06/06/2019,1971,9148.0,SINGLE_FAMILY,4995,1457644.0,4,3.0,2415,37.216548,-121.876093,https://www.zillow.com/homedetails/6577-Gillis-Dr-San-Jose-CA-95120/19764733_zpid/,Sold
"1061 Mazzone Dr, San Jose, CA 95120",95120,1841500.0,Sold 06/05/2019,1979,8058.0,SINGLE_FAMILY,4795,741663.0,4,3.0,3273,37.233927,-121.867429,https://www.zillow.com/homedetails/1061-Mazzone-Dr-San-Jose-CA-95120/19835097_zpid/,Sold
"1198 Pheasant Hill Ct, San Jose, CA 95120",95120,1538000.0,Sold 06/05/2019,1997,8868.0,CONDO,4695,995393.0,4,3.0,2532,37.198616,-121.847025,https://www.zillow.com/homedetails/1198-Pheasant-Hill-Ct-San-Jose-CA-95120/19768553_zpid/,Sold
"20421 Hunters Hill Rd, San Jose, CA 95120",95120,1925000.0,Video Walkthrough,1976,44431.0,SINGLE_FAMILY,5800,1385286.0,4,3.0,2469,37.195866,-121.820493,https://www.zillow.com/homedetails/20421-Hunters-Hill-Rd-San-Jose-CA-95120/19846625_zpid/,Sold
"6323 Paso Los Cerritos, San Jose, CA 95120",95120,1365000.0,Sold 05/31/2019,1971,7950.0,SINGLE_FAMILY,4495,329497.0,4,3.0,2584,37.222901,-121.892738,https://www.zillow.com/homedetails/6323-Paso-Los-Cerritos-San-Jose-CA-95120/19760578_zpid/,Sold
"6618 Crystal Springs Dr, San Jose, CA 95120",95120,1950000.0,Sold 05/31/2019,1969,15250.0,SINGLE_FAMILY,4950,589101.0,4,3.0,2699,37.214482,-121.873264,https://www.zillow.com/homedetails/6618-Crystal-Springs-Dr-San-Jose-CA-95120/19765887_zpid/,Sold
"6855 Queenswood Way, San Jose, CA 95120",95120,1000000.0,Sold 05/31/2019,1980,7000.0,SINGLE_FAMILY,3650,281350.0,3,2.0,1780,37.211884,-121.834114,https://www.zillow.com/homedetails/6855-Queenswood-Way-San-Jose-CA-95120/19836834_zpid/,Sold
"1320 Rimrock Dr, San Jose, CA 95120",95120,2350000.0,Sold 05/30/2019,1975,18922.0,SINGLE_FAMILY,6500,1622931.0,4,3.0,3156,37.204137,-121.865602,https://www.zillow.com/homedetails/1320-Rimrock-Dr-San-Jose-CA-95120/19765751_zpid/,Sold
"6543 Little Falls Dr, San Jose, CA 95120",95120,1675000.0,Sold 05/28/2019,1964,10136.0,SINGLE_FAMILY,4556,1017032.0,3,3.0,2334,37.216801,-121.87061,https://www.zillow.com/homedetails/6543-Little-Falls-Dr-San-Jose-CA-95120/19764884_zpid/,Sold
"1246 Charise Ct, San Jose, CA 95120",95120,995000.0,Sold 05/24/2019,1986,3023.0,TOWNHOUSE,3450,284375.0,3,3.0,1502,37.19538,-121.843699,https://www.zillow.com/homedetails/1246-Charise-Ct-San-Jose-CA-95120/19768104_zpid/,Sold
"1118 Corvallis Dr, San Jose, CA 95120",95120,1540000.0,Sold 05/22/2019,1966,10223.0,SINGLE_FAMILY,4250,679131.0,3,2.0,2077,37.212824,-121.853048,https://www.zillow.com/homedetails/1118-Corvallis-Dr-San-Jose-CA-95120/19766536_zpid/,Sold
"6529 Camden Ave, San Jose, CA 95120",95120,1960000.0,Sold 05/21/2019,1974,14636.0,SINGLE_FAMILY,5000,475577.0,5,4.0,3231,37.222552,-121.860618,https://www.zillow.com/homedetails/6529-Camden-Ave-San-Jose-CA-95120/82384462_zpid/,Sold
"6034 Monteverde Dr, San Jose, CA 95120",95120,1400000.0,Sold 05/20/2019,1966,7993.0,SINGLE_FAMILY,4395,119955.0,4,2.0,1949,37.228134,-121.894922,https://www.zillow.com/homedetails/6034-Monteverde-Dr-San-Jose-CA-95120/19761025_zpid/,Sold
"20061 Mann Oak Ct, San Jose, CA 95120",95120,2150000.0,Sold 05/20/2019,1979,43272.0,SINGLE_FAMILY,4735,725374.0,4,3.0,4637,37.191575,-121.825946,https://www.zillow.com/homedetails/20061-Mann-Oak-Ct-San-Jose-CA-95120/19766888_zpid/,Sold
"7209 Emami Dr, San Jose, CA 95120",95120,2010000.0,Sold 05/17/2019,1994,7840.0,SINGLE_FAMILY,5400,1483286.0,4,4.0,2850,37.198672,-121.831794,https://www.zillow.com/homedetails/7209-Emami-Dr-San-Jose-CA-95120/19846790_zpid/,Sold
"19500 Graystone Ln, San Jose, CA 95120",95120,1800000.0,Sold 05/16/2019,1971,41470.0,SINGLE_FAMILY,4600,1291115.0,3,4.0,2200,37.220033,-121.834211,https://www.zillow.com/homedetails/19500-Graystone-Ln-San-Jose-CA-95120/19834246_zpid/,Sold
"6552 Northridge Dr, San Jose, CA 95120",95120,1410000.0,Sold 05/16/2019,1967,9880.0,SINGLE_FAMILY,4500,1183263.0,3,2.0,1975,37.217822,-121.863834,https://www.zillow.com/homedetails/6552-Northridge-Dr-San-Jose-CA-95120/19765172_zpid/,Sold
"1142 El Prado Ct, San Jose, CA 95120",95120,1315000.0,Sold 05/14/2019,1966,8873.0,SINGLE_FAMILY,3850,793255.0,4,2.0,1768,37.226938,-121.870958,https://www.zillow.com/homedetails/1142-El-Prado-Ct-San-Jose-CA-95120/19762753_zpid/,Sold
"1111 Casual Way, San Jose, CA 95120",95120,1570000.0,Sold 05/10/2019,1968,10132.0,SINGLE_FAMILY,4300,159548.0,4,2.0,2276,37.211459,-121.850845,https://www.zillow.com/homedetails/1111-Casual-Way-San-Jose-CA-95120/19766501_zpid/,Sold
"6540 Jeremie Dr, San Jose, CA 95120",95120,1625000.0,Sold 05/10/2019,1968,8668.0,SINGLE_FAMILY,4395,411790.0,4,3.0,2220,37.218394,-121.864561,https://www.zillow.com/homedetails/6540-Jeremie-Dr-San-Jose-CA-95120/19765147_zpid/,Sold
"6467 Ramblewood Dr, San Jose, CA 95120",95120,1380000.0,Sold 05/09/2019,1965,6817.0,SINGLE_FAMILY,4300,878287.0,4,2.5,2050,37.221028,-121.860044,https://www.zillow.com/homedetails/6467-Ramblewood-Dr-San-Jose-CA-95120/19835389_zpid/,Sold
"1556 Capitancillos Dr, San Jose, CA 95120",95120,1831000.0,Sold 05/08/2019,1979,8106.0,SINGLE_FAMILY,5500,1298710.0,4,2.5,2745,37.232061,-121.898836,https://www.zillow.com/homedetails/1556-Capitancillos-Dr-San-Jose-CA-95120/19756299_zpid/,Sold
"1456 Menorca Ct, San Jose, CA 95120",95120,1525000.0,Sold 05/07/2019,1973,8050.0,SINGLE_FAMILY,4545,1055550.0,4,2.0,1963,37.227249,-121.893559,https://www.zillow.com/homedetails/1456-Menorca-Ct-San-Jose-CA-95120/19761115_zpid/,Sold
"1105 Calcaterra Ct, San Jose, CA 95120",95120,1520000.0,Sold 05/07/2019,1974,8995.0,SINGLE_FAMILY,4395,850991.0,4,2.5,2574,37.206546,-121.845628,https://www.zillow.com/homedetails/1105-Calcaterra-Ct-San-Jose-CA-95120/19767129_zpid/,Sold
"0 Via Vespero, San Jose, CA 95120",95120,749000.0,Sold 05/07/2019,-1,1045440.0,LOT,2950,,0,,,37.2155,-121.859,https://www.zillow.com/homedetails/0-Via-Vespero-San-Jose-CA-95120/2104473249_zpid/,Sold
"1128 Culligan Blvd, San Jose, CA 95120",95120,1657500.0,Sold 05/06/2019,1962,11399.0,SINGLE_FAMILY,4200,112445.0,4,2.5,2433,37.223625,-121.868576,https://www.zillow.com/homedetails/1128-Culligan-Blvd-San-Jose-CA-95120/19763023_zpid/,Sold
"7188 Lindsay Creek Ln, San Jose, CA 95120",95120,1000000.0,Sold 05/06/2019,1986,2813.0,SINGLE_FAMILY,3395,792196.0,2,2.5,1298,37.198938,-121.844934,https://www.zillow.com/homedetails/7188-Lindsay-Creek-Ln-San-Jose-CA-95120/19768011_zpid/,Sold
"1364 Shelby Creek Ln, San Jose, CA 95120",95120,1110000.0,Sold 05/06/2019,1986,3038.0,CONDO,3800,832899.0,3,3.0,1585,37.196208,-121.847841,https://www.zillow.com/homedetails/1364-Shelby-Creek-Ln-San-Jose-CA-95120/19767990_zpid/,Sold
"6535 Leyland Park Dr, San Jose, CA 95120",95120,1560000.0,Sold 05/03/2019,1978,7013.0,SINGLE_FAMILY,4800,980404.0,4,2.0,2310,37.219582,-121.880987,https://www.zillow.com/homedetails/6535-Leyland-Park-Dr-San-Jose-CA-95120/19761603_zpid/,Sold
"1427 Calle De La Paz, San Jose, CA 95120",95120,1565750.0,Sold 05/03/2019,1972,8319.0,SINGLE_FAMILY,4400,683380.0,4,3.0,2210,37.228239,-121.891599,https://www.zillow.com/homedetails/1427-Calle-De-La-Paz-San-Jose-CA-95120/19761063_zpid/,Sold
"956 Meadowood Dr, San Jose, CA 95120",95120,1505000.0,Sold 05/02/2019,1965,5985.0,SINGLE_FAMILY,4250,869885.0,4,3.0,2050,37.224,-121.859449,https://www.zillow.com/homedetails/956-Meadowood-Dr-San-Jose-CA-95120/19834358_zpid/,Sold
"6960 Bret Harte Dr, San Jose, CA 95120",95120,1600000.0,Sold 05/02/2019,1969,10005.0,SINGLE_FAMILY,4300,668228.0,4,2.0,2157,37.210246,-121.841612,https://www.zillow.com/homedetails/6960-Bret-Harte-Dr-San-Jose-CA-95120/19835957_zpid/,Sold
"1374 Redmond Ave, San Jose, CA 95120",95120,1365000.0,Sold 05/02/2019,1969,8150.0,SINGLE_FAMILY,4200,729082.0,3,2.0,1862,37.228146,-121.887663,https://www.zillow.com/homedetails/1374-Redmond-Ave-San-Jose-CA-95120/19761122_zpid/,Sold
"1026 Nightfall Ct, San Jose, CA 95120",95120,1625000.0,Sold 04/30/2019,1969,7700.0,SINGLE_FAMILY,4300,111225.0,4,3.0,2240,37.215694,-121.849155,https://www.zillow.com/homedetails/1026-Nightfall-Ct-San-Jose-CA-95120/19835793_zpid/,Sold
"6606 Mount Forest Dr, San Jose, CA 95120",95120,1630000.0,Sold 04/30/2019,1967,6468.0,SINGLE_FAMILY,4300,588773.0,4,2.0,2234,37.22063,-121.854697,https://www.zillow.com/homedetails/6606-Mount-Forest-Dr-San-Jose-CA-95120/19835514_zpid/,Sold
"6845 Lenwood Way, San Jose, CA 95120",95120,1700000.0,Sold 04/30/2019,1966,9670.0,SINGLE_FAMILY,4650,1031397.0,4,3.0,1974,37.211491,-121.853025,https://www.zillow.com/homedetails/6845-Lenwood-Way-San-Jose-CA-95120/19766471_zpid/,Sold
"1352 Via De Los Reyes, San Jose, CA 95120",95120,1385000.0,Sold 04/30/2019,1972,8202.0,SINGLE_FAMILY,4300,1204140.0,4,2.0,1754,37.226867,-121.885394,https://www.zillow.com/homedetails/1352-Via-De-Los-Reyes-San-Jose-CA-95120/19761249_zpid/,Sold
"1544 Montellano Dr, San Jose, CA 95120",95120,1455000.0,Sold 04/30/2019,1965,8023.0,SINGLE_FAMILY,4395,940190.0,4,3.0,2033,37.225078,-121.898247,https://www.zillow.com/homedetails/1544-Montellano-Dr-San-Jose-CA-95120/19760800_zpid/,Sold
"1213 Valley Quail Cir, San Jose, CA 95120",95120,1965000.0,Sold 04/30/2019,1985,9260.0,SINGLE_FAMILY,5000,534898.0,4,3.0,3202,37.202986,-121.852574,https://www.zillow.com/homedetails/1213-Valley-Quail-Cir-San-Jose-CA-95120/19767724_zpid/,Sold
"22740 San Vicente Ave, San Jose, CA 95120",95120,2260000.0,Sold 04/30/2019,1987,107702.0,SINGLE_FAMILY,5116,777017.0,4,2.5,3142,37.196287,-121.798844,https://www.zillow.com/homedetails/22740-San-Vicente-Ave-San-Jose-CA-95120/19836358_zpid/,Sold
"18200 Almaden Expy, San Jose, CA 95120",95120,1200000.0,Sold 04/29/2019,1954,121097.0,SINGLE_FAMILY,3650,1267518.0,2,1.5,2597,37.211808,-121.847392,https://www.zillow.com/homedetails/18200-Almaden-Expy-San-Jose-CA-95120/19836543_zpid/,Sold
"6552 Little Falls Dr, San Jose, CA 95120",95120,2249000.0,Sold 04/26/2019,2004,10354.0,SINGLE_FAMILY,6400,1433548.0,4,4.0,3713,37.216662,-121.869974,https://www.zillow.com/homedetails/6552-Little-Falls-Dr-San-Jose-CA-95120/19764926_zpid/,Sold
"6407 El Paseo Dr, San Jose, CA 95120",95120,1450000.0,Sold 04/26/2019,1963,8276.0,SINGLE_FAMILY,4100,875913.0,3,2.0,1739,37.223327,-121.872614,https://www.zillow.com/homedetails/6407-El-Paseo-Dr-San-Jose-CA-95120/19762924_zpid/,Sold
"6692 Hampton Dr, San Jose, CA 95120",95120,4800000.0,Sold 04/26/2019,1961,14945.0,SINGLE_FAMILY,11108,856962.0,4,2.5,2416,37.214542,-121.863993,https://www.zillow.com/homedetails/6692-Hampton-Dr-San-Jose-CA-95120/19765196_zpid/,Sold
"6383 Bose Ln, San Jose, CA 95120",95120,1604000.0,Sold 04/25/2019,1962,9208.0,SINGLE_FAMILY,4995,1223083.0,3,2.5,2375,37.224472,-121.867668,https://www.zillow.com/homedetails/6383-Bose-Ln-San-Jose-CA-95120/19763057_zpid/,Sold
"1160 Lone Pine Ln, San Jose, CA 95120",95120,1740000.0,Sold 04/25/2019,1965,8322.0,SINGLE_FAMILY,4400,353465.0,4,2.5,2364,37.214926,-121.862314,https://www.zillow.com/homedetails/1160-Lone-Pine-Ln-San-Jose-CA-95120/19765265_zpid/,Sold
"21385 Bertram Rd, San Jose, CA 95120",95120,1025000.0,Sold 04/25/2019,1930,7034.0,SINGLE_FAMILY,2900,161946.0,3,2.0,1456,37.177764,-121.818968,https://www.zillow.com/homedetails/21385-Bertram-Rd-San-Jose-CA-95120/19766991_zpid/,Sold
"6857 Casual Ct, San Jose, CA 95120",95120,1370000.0,Sold 04/24/2019,1971,10502.0,SINGLE_FAMILY,4300,805958.0,4,2.0,1914,37.210928,-121.851502,https://www.zillow.com/homedetails/6857-Casual-Ct-San-Jose-CA-95120/19766619_zpid/,Sold
"5858 Meander Dr, San Jose, CA 95120",95120,1555000.0,Sold 04/23/2019,1975,8232.0,SINGLE_FAMILY,4700,1146991.0,5,3.0,2110,37.23459,-121.889097,https://www.zillow.com/homedetails/5858-Meander-Dr-San-Jose-CA-95120/19764307_zpid/,Sold
"1154 Quail Creek Cir, San Jose, CA 95120",95120,1590000.0,Sold 04/23/2019,1987,5662.0,SINGLE_FAMILY,4250,625081.0,3,3.0,2199,37.203287,-121.84732,https://www.zillow.com/homedetails/1154-Quail-Creek-Cir-San-Jose-CA-95120/19767662_zpid/,Sold
"5955 Post Oak Cir, San Jose, CA 95120",95120,1425000.0,Sold 04/23/2019,1980,3950.0,SINGLE_FAMILY,4500,1212906.0,4,2.5,2757,37.234239,-121.88289,https://www.zillow.com/homedetails/5955-Post-Oak-Cir-San-Jose-CA-95120/19764348_zpid/,Sold
"1520 Montellano Dr, San Jose, CA 95120",95120,1520000.0,Sold 04/23/2019,1965,7980.0,SINGLE_FAMILY,4600,1171192.0,4,2.0,1949,37.22604,-121.897416,https://www.zillow.com/homedetails/1520-Montellano-Dr-San-Jose-CA-95120/19760806_zpid/,Sold
"6609 Mount Hope Dr, San Jose, CA 95120",95120,195000.0,Sold 04/23/2019,1967,8360.0,SINGLE_FAMILY,4320,554133.0,5,2.5,2217,37.22008,-121.854558,https://www.zillow.com/homedetails/6609-Mount-Hope-Dr-San-Jose-CA-95120/19835517_zpid/,Sold
"1067 Cloverbrook Dr, San Jose, CA 95120",95120,4200.0,40 days ago,1962,5976.0,SINGLE_FAMILY,4200,865449.0,3,2.0,1423,37.22588,-121.86428,https://www.zillow.com/homedetails/1067-Cloverbrook-Dr-San-Jose-CA-95120/19834767_zpid/,Sold
"1125 Queensbridge Way, San Jose, CA 95120",95120,1775000.0,Sold 04/19/2019,1981,8450.0,SINGLE_FAMILY,4320,571357.0,4,3.0,2380,37.201897,-121.840845,https://www.zillow.com/homedetails/1125-Queensbridge-Way-San-Jose-CA-95120/19766752_zpid/,Sold
"7182 Wooded Lake Dr, San Jose, CA 95120",95120,2900000.0,Sold 04/19/2019,1984,31363.0,SINGLE_FAMILY,6699,2244000.0,4,3.0,3733,37.206499,-121.874287,https://www.zillow.com/homedetails/7182-Wooded-Lake-Dr-San-Jose-CA-95120/19766302_zpid/,Sold
"6567 Whitbourne Dr, San Jose, CA 95120",95120,2000000.0,Sold 04/19/2019,1983,7056.0,SINGLE_FAMILY,5100,1735000.0,5,3.0,2921,37.216178,-121.878868,https://www.zillow.com/homedetails/6567-Whitbourne-Dr-San-Jose-CA-95120/19761815_zpid/,Sold
"6413 Mcabee Rd, San Jose, CA 95120",95120,1147500.0,Sold 04/19/2019,1972,7235.0,SINGLE_FAMILY,3900,101069.0,4,2.0,1657,37.223609,-121.876817,https://www.zillow.com/homedetails/6413-Mcabee-Rd-San-Jose-CA-95120/19763802_zpid/,Sold
"6656 Charter Oak Pl, San Jose, CA 95120",95120,1575000.0,Sold 04/18/2019,1972,8058.0,SINGLE_FAMILY,4300,105942.0,4,2.0,2167,37.218299,-121.846302,https://www.zillow.com/homedetails/6656-Charter-Oak-Pl-San-Jose-CA-95120/19836377_zpid/,Sold
"6358 Camden Ave, San Jose, CA 95120",95120,1372000.0,Sold 04/18/2019,1970,8598.0,SINGLE_FAMILY,4400,914504.0,4,3.0,2258,37.222372,-121.874789,https://www.zillow.com/homedetails/6358-Camden-Ave-San-Jose-CA-95120/19762935_zpid/,Sold
"7287 Sleepy Creek Dr, San Jose, CA 95120",95120,1080000.0,Sold 04/16/2019,1985,2696.0,SINGLE_FAMILY,4300,870748.0,3,2.5,1470,37.198841,-121.827763,https://www.zillow.com/homedetails/7287-Sleepy-Creek-Dr-San-Jose-CA-95120/19846907_zpid/,Sold
"955 Marlinton Ct, San Jose, CA 95120",95120,1735000.0,Sold 04/16/2019,1972,8324.0,SINGLE_FAMILY,5200,1470070.0,5,3.0,2585,37.214507,-121.840374,https://www.zillow.com/homedetails/955-Marlinton-Ct-San-Jose-CA-95120/19836603_zpid/,Sold
"6572 Camelia Dr, San Jose, CA 95120",95120,1800000.0,Sold 04/15/2019,1966,12000.0,SINGLE_FAMILY,4800,135787.0,5,3.0,2788,37.215722,-121.871273,https://www.zillow.com/homedetails/6572-Camelia-Dr-San-Jose-CA-95120/19764895_zpid/,Sold
"19460 Graystone Ln, San Jose, CA 95120",95120,2500000.0,Video Walkthrough,1981,94668.0,SINGLE_FAMILY,6500,2155497.0,5,4.0,4580,37.219451,-121.834325,https://www.zillow.com/homedetails/19460-Graystone-Ln-San-Jose-CA-95120/19834253_zpid/,Sold
"6253 Via De Adrianna, San Jose, CA 95120",95120,1475000.0,Sold 04/12/2019,1973,9861.0,SINGLE_FAMILY,4500,982514.0,4,3.0,1974,37.2229,-121.886253,https://www.zillow.com/homedetails/6253-Via-De-Adrianna-San-Jose-CA-95120/19761472_zpid/,Sold
"21243 Bertram Rd, San Jose, CA 95120",95120,930000.0,Sold 04/12/2019,1926,13852.0,SINGLE_FAMILY,3100,1004545.0,2,2.0,1544,37.178961,-121.816812,https://www.zillow.com/homedetails/21243-Bertram-Rd-San-Jose-CA-95120/19767004_zpid/,Sold
"972 Redmond Ave, San Jose, CA 95120",95120,1325000.0,Sold 04/12/2019,1965,5998.0,SINGLE_FAMILY,4300,1008871.0,4,2.0,1859,37.225157,-121.860332,https://www.zillow.com/homedetails/972-Redmond-Ave-San-Jose-CA-95120/19834467_zpid/,Sold
"6368 Almaden Rd, San Jose, CA 95120",95120,282500.0,Sold 04/12/2019,1961,6000.0,SINGLE_FAMILY,3430,854760.0,3,2.0,1125,37.225124,-121.866032,https://www.zillow.com/homedetails/6368-Almaden-Rd-San-Jose-CA-95120/19834857_zpid/,Sold
"6691 Crystal Springs Dr, San Jose, CA 95120",95120,1560000.0,Sold 04/10/2019,1968,11573.0,SINGLE_FAMILY,4395,147242.0,4,2.5,2199,37.212217,-121.873944,https://www.zillow.com/homedetails/6691-Crystal-Springs-Dr-San-Jose-CA-95120/19765934_zpid/,Sold
"1051 Moongate Pl, San Jose, CA 95120",95120,1575000.0,Sold 04/10/2019,1969,8097.0,SINGLE_FAMILY,4450,974651.0,4,3.0,2240,37.212969,-121.848143,https://www.zillow.com/homedetails/1051-Moongate-Pl-San-Jose-CA-95120/19836521_zpid/,Sold
"799 Portswood Cir, San Jose, CA 95120",95120,1395000.0,Sold 04/09/2019,1977,8398.0,SINGLE_FAMILY,4300,454009.0,4,3.0,2216,37.20357,-121.832209,https://www.zillow.com/homedetails/799-Portswood-Cir-San-Jose-CA-95120/19836965_zpid/,Sold
"7051 Quail Cove Ct, San Jose, CA 95120",95120,1545000.0,Sold 04/09/2019,1987,5742.0,SINGLE_FAMILY,4250,863065.0,3,3.0,2200,37.203731,-121.849916,https://www.zillow.com/homedetails/7051-Quail-Cove-Ct-San-Jose-CA-95120/19767904_zpid/,Sold
"1297 Mcabee Estates Pl, San Jose, CA 95120",95120,1910000.0,Sold 04/05/2019,1990,9748.0,SINGLE_FAMILY,5950,1496384.0,5,3.0,3103,37.225936,-121.877851,https://www.zillow.com/homedetails/1297-Mcabee-Estates-Pl-San-Jose-CA-95120/19763488_zpid/,Sold
"6659 Winterset Way, San Jose, CA 95120",95120,1600000.0,Sold 04/05/2019,1969,7715.0,SINGLE_FAMILY,4395,481650.0,4,3.0,2549,37.218056,-121.850125,https://www.zillow.com/homedetails/6659-Winterset-Way-San-Jose-CA-95120/19835835_zpid/,Sold
"5812 Porto Alegre Dr, San Jose, CA 95120",95120,1412500.0,Sold 04/05/2019,1971,8049.0,SINGLE_FAMILY,4800,1200735.0,4,3.0,3079,37.240731,-121.879073,https://www.zillow.com/homedetails/5812-Porto-Alegre-Dr-San-Jose-CA-95120/19762362_zpid/,Sold
"5936 Jenny Lind Ct, San Jose, CA 95120",95120,1252000.0,Sold 04/03/2019,1989,3267.0,CONDO,4000,143711.0,3,3.0,2334,37.237125,-121.88453,https://www.zillow.com/homedetails/5936-Jenny-Lind-Ct-San-Jose-CA-95120/19764425_zpid/,Sold
"839 Downswood Ct, San Jose, CA 95120",95120,1487350.0,Sold 04/02/2019,1977,7862.0,SINGLE_FAMILY,4395,505077.0,4,2.0,1797,37.206563,-121.833236,https://www.zillow.com/homedetails/839-Downswood-Ct-San-Jose-CA-95120/19836907_zpid/,Sold
"6385 Farm Hill Way, San Jose, CA 95120",95120,1025000.0,Sold 03/29/2019,1962,6000.0,SINGLE_FAMILY,3550,106146.0,4,2.0,1350,37.224663,-121.864959,https://www.zillow.com/homedetails/6385-Farm-Hill-Way-San-Jose-CA-95120/19834834_zpid/,Sold
"1305 Pernich Ct, San Jose, CA 95120",95120,1830000.0,Video Walkthrough,1972,8123.0,SINGLE_FAMILY,5500,1338359.0,4,3.0,3007,37.22654,-121.882094,https://www.zillow.com/homedetails/1305-Pernich-Ct-San-Jose-CA-95120/19762601_zpid/,Sold
"1507 Pam Ln, San Jose, CA 95120",95120,1430000.0,Sold 03/28/2019,1979,8001.0,SINGLE_FAMILY,4500,1062918.0,4,2.0,1874,37.231575,-121.897642,https://www.zillow.com/homedetails/1507-Pam-Ln-San-Jose-CA-95120/19756307_zpid/,Sold
"6609 Folklore Ct, San Jose, CA 95120",95120,830000.0,Sold 03/28/2019,1976,2173.0,SINGLE_FAMILY,2900,99240.0,2,2.0,1124,37.218529,-121.859032,https://www.zillow.com/homedetails/6609-Folklore-Ct-San-Jose-CA-95120/19766007_zpid/,Sold
"7495 Tierra Sombra Ct, San Jose, CA 95120",95120,1550000.0,Sold 03/25/2019,1949,46003.0,SINGLE_FAMILY,4417,461094.0,6,3.0,3344,37.193103,-121.797866,https://www.zillow.com/homedetails/7495-Tierra-Sombra-Ct-San-Jose-CA-95120/19842466_zpid/,Sold
"5994 Crimson Dr, San Jose, CA 95120",95120,1649000.0,Sold 03/21/2019,1973,8672.0,SINGLE_FAMILY,4700,1131236.0,4,3.0,2008,37.230903,-121.885908,https://www.zillow.com/homedetails/5994-Crimson-Dr-San-Jose-CA-95120/19763870_zpid/,Sold
"1146 Old Oak Dr, San Jose, CA 95120",95120,487500.0,Sold 03/20/2019,1965,8322.0,SINGLE_FAMILY,4300,325563.0,4,2.5,1940,37.216582,-121.86217,https://www.zillow.com/homedetails/1146-Old-Oak-Dr-San-Jose-CA-95120/19765246_zpid/,Sold
"1216 Rockhaven Dr, San Jose, CA 95120",95120,2400000.0,Sold 03/20/2019,1964,12000.0,SINGLE_FAMILY,6200,729385.0,4,3.0,3000,37.208621,-121.862239,https://www.zillow.com/homedetails/1216-Rockhaven-Dr-San-Jose-CA-95120/19765518_zpid/,Sold
"6535 Skyfarm Dr, San Jose, CA 95120",95120,1510000.0,Video Walkthrough,1978,7440.0,SINGLE_FAMILY,4395,986481.0,4,2.5,2035,37.219112,-121.885201,https://www.zillow.com/homedetails/6535-Skyfarm-Dr-San-Jose-CA-95120/19761595_zpid/,Sold
"1372 Via De Los Reyes, San Jose, CA 95120",95120,1445000.0,Sold 03/19/2019,1972,8132.0,SINGLE_FAMILY,4475,896105.0,5,3.0,2203,37.225926,-121.886843,https://www.zillow.com/homedetails/1372-Via-De-Los-Reyes-San-Jose-CA-95120/19761241_zpid/,Sold
"1127 Dwyer Ave, San Jose, CA 95120",95120,1345000.0,Sold 03/18/2019,1964,9147.0,SINGLE_FAMILY,3950,946974.0,4,2.0,1754,37.222542,-121.867877,https://www.zillow.com/homedetails/1127-Dwyer-Ave-San-Jose-CA-95120/19762994_zpid/,Sold
"1331 Hillcrest Dr, San Jose, CA 95120",95120,2250000.0,Sold 03/15/2019,1968,9900.0,SINGLE_FAMILY,4805,1980300.0,3,3.0,2933,37.209027,-121.87206,https://www.zillow.com/homedetails/1331-Hillcrest-Dr-San-Jose-CA-95120/19765831_zpid/,Sold
"679 Briar Ranch Ln, San Jose, CA 95120",95120,1556000.0,Sold 03/15/2019,1989,4675.0,SINGLE_FAMILY,4995,1330892.0,4,2.5,2640,37.203134,-121.838603,https://www.zillow.com/homedetails/679-Briar-Ranch-Ln-San-Jose-CA-95120/19836098_zpid/,Sold
"1100 Trevino Ter, San Jose, CA 95120",95120,1075000.0,Sold 03/12/2019,1988,2160.0,CONDO,3500,390848.0,3,3.0,1876,37.219714,-121.86252,https://www.zillow.com/homedetails/1100-Trevino-Ter-San-Jose-CA-95120/64521565_zpid/,Sold
"1067 Almaden Village Ln, San Jose, CA 95120",95120,1130000.0,Sold 03/12/2019,1989,2674.0,SINGLE_FAMILY,3495,102487.0,3,3.0,1673,37.203812,-121.838465,https://www.zillow.com/homedetails/1067-Almaden-Village-Ln-San-Jose-CA-95120/19837672_zpid/,Sold
"1382 Box Canyon Rd, San Jose, CA 95120",95120,1740000.0,Sold 03/11/2019,1975,30073.0,SINGLE_FAMILY,4650,202598.0,5,3.5,2591,37.207909,-121.875841,https://www.zillow.com/homedetails/1382-Box-Canyon-Rd-San-Jose-CA-95120/19766276_zpid/,Sold
"6453 Cranbrook Ct, San Jose, CA 95120",95120,1475000.0,Sold 03/09/2019,1971,9220.0,SINGLE_FAMILY,4100,478511.0,3,2.0,2026,37.221676,-121.875733,https://www.zillow.com/homedetails/6453-Cranbrook-Ct-San-Jose-CA-95120/19764708_zpid/,Sold
"6834 Burnside Dr, San Jose, CA 95120",95120,1588000.0,Sold 03/09/2019,1972,8049.0,SINGLE_FAMILY,4295,138227.0,4,2.0,2029,37.213229,-121.841761,https://www.zillow.com/homedetails/6834-Burnside-Dr-San-Jose-CA-95120/19835919_zpid/,Sold
"1253 Washoe Dr, San Jose, CA 95120",95120,1475000.0,Sold 03/08/2019,1962,8437.0,SINGLE_FAMILY,4500,1479000.0,5,3.0,2733,37.218645,-121.870174,https://www.zillow.com/homedetails/1253-Washoe-Dr-San-Jose-CA-95120/19764858_zpid/,Sold
"1113 Silver Hill Dr, San Jose, CA 95120",95120,1150000.0,Sold 03/08/2019,1993,1219.0,CONDO,3695,876698.0,3,3.0,1739,37.208122,-121.846277,https://www.zillow.com/homedetails/1113-Silver-Hill-Dr-San-Jose-CA-95120/19768149_zpid/,Sold
"6486 Hidden Creek Dr, San Jose, CA 95120",95120,1510000.0,Sold 03/07/2019,1965,6092.0,SINGLE_FAMILY,4417,1118613.0,4,3.0,2258,37.221701,-121.858322,https://www.zillow.com/homedetails/6486-Hidden-Creek-Dr-San-Jose-CA-95120/19835331_zpid/,Sold
"1515 Redmond Ave, San Jose, CA 95120",95120,1710000.0,Sold 03/04/2019,1979,8293.0,SINGLE_FAMILY,4600,1378530.0,5,3.0,2760,37.230885,-121.897224,https://www.zillow.com/homedetails/1515-Redmond-Ave-San-Jose-CA-95120/19756276_zpid/,Sold
"1672 Via Campagna, San Jose, CA 95120",95120,1558000.0,Sold 03/02/2019,1997,3484.0,SINGLE_FAMILY,4250,943864.0,3,3.0,1820,37.221679,-121.904006,https://www.zillow.com/homedetails/1672-Via-Campagna-San-Jose-CA-95120/19762124_zpid/,Sold
"1828 Lavender Crk, San Jose, CA 95120",95120,1760888.0,Video Walkthrough,2013,3384.0,SINGLE_FAMILY,5500,1417601.0,4,4.0,2393,37.220793,-121.907045,https://www.zillow.com/homedetails/1828-Lavender-Crk-San-Jose-CA-95120/124743679_zpid/,Sold
"783 Finchwood Way, San Jose, CA 95120",95120,1630000.0,Sold 03/01/2019,1980,8023.0,SINGLE_FAMILY,4559,609084.0,4,3.0,2760,37.206228,-121.829782,https://www.zillow.com/homedetails/783-Finchwood-Way-San-Jose-CA-95120/19837249_zpid/,Sold
"1715 Manitou Ct, San Jose, CA 95120",95120,1770000.0,Sold 03/01/2019,1976,8190.0,SINGLE_FAMILY,4695,809141.0,5,2.5,2008,37.233596,-121.892749,https://www.zillow.com/homedetails/1715-Manitou-Ct-San-Jose-CA-95120/19764285_zpid/,Sold
